version https://git-lfs.github.com/spec/v1
oid sha256:5fc9b1379f5318e1c25bcfd96d60cd62bcebb0dbbf2d47a33cf081c2af6210a7
size 18223
