version https://git-lfs.github.com/spec/v1
oid sha256:022ac3b5a5bb0483d6287b42787ceaa8addd33abd003b20f80955c3bce64fbec
size 17331
